255.0 305.0 4.0 -3.0
474.0 462.0 9.0 -2.0
265.0 237.0 -6.0 -2.0
270.0 235.0 -6.0 9.0
320.0 313.0 0.0 -1.0
213.0 206.0 0.0 1.0
215.0 238.0 -7.0 -5.0
269.0 263.0 -4.0 -4.0
460.0 323.0 -4.0 0.0
293.0 265.0 -2.0 0.0
405.0 210.0 2.0 6.0
347.0 460.0 1.0 -9.0
473.0 222.0 -4.0 -3.0
481.0 287.0 -4.0 -2.0
206.0 478.0 -8.0 -6.0
296.0 409.0 5.0 0.0
407.0 305.0 6.0 4.0
393.0 281.0 -1.0 2.0
334.0 256.0 -2.0 0.0
205.0 311.0 4.0 -4.0
473.0 221.0 -5.0 -1.0
491.0 303.0 -1.0 -7.0
496.0 301.0 -3.0 0.0
483.0 448.0 -9.0 9.0
218.0 351.0 1.0 1.0
390.0 224.0 -6.0 -3.0
398.0 238.0 4.0 -5.0
478.0 284.0 8.0 -2.0
353.0 241.0 -5.0 3.0
246.0 240.0 8.0 -9.0
216.0 432.0 6.0 -9.0
269.0 467.0 9.0 -6.0
325.0 291.0 -2.0 1.0
210.0 316.0 0.0 -6.0
432.0 238.0 -6.0 -4.0
260.0 232.0 -4.0 -2.0
418.0 224.0 -8.0 9.0
494.0 222.0 0.0 -6.0
242.0 452.0 8.0 -2.0
484.0 450.0 -4.0 8.0
310.0 219.0 0.0 2.0
445.0 258.0 7.0 -8.0
405.0 265.0 6.0 -4.0
379.0 213.0 3.0 6.0
233.0 499.0 0.0 -6.0
425.0 397.0 -7.0 -4.0
468.0 433.0 8.0 8.0
325.0 458.0 -8.0 -9.0
479.0 451.0 -4.0 -2.0
211.0 476.0 -2.0 -8.0
209.0 474.0 -6.0 -6.0
421.0 284.0 -6.0 -2.0
303.0 491.0 -1.0 -7.0
233.0 226.0 -6.0 2.0
258.0 224.0 -6.0 -6.0
416.0 229.0 -8.0 -6.0
326.0 325.0 0.0 -7.0
319.0 432.0 5.0 8.0
434.0 400.0 4.0 8.0
406.0 372.0 -9.0 4.0
358.0 463.0 1.0 5.0
355.0 348.0 9.0 -9.0
249.0 214.0 0.0 -5.0
251.0 433.0 -6.0 -1.0
438.0 272.0 -5.0 -3.0
491.0 456.0 -9.0 -7.0
499.0 497.0 -3.0 -8.0
268.0 241.0 1.0 3.0
273.0 266.0 -3.0 -4.0
485.0 297.0 -2.0 -2.0
443.0 248.0 -4.0 9.0
269.0 464.0 -3.0 0.0
489.0 302.0 5.0 -5.0
438.0 244.0 2.0 -8.0
479.0 394.0 4.0 -6.0
470.0 435.0 -5.0 -3.0
244.0 216.0 0.0 -7.0
410.0 215.0 -9.0 -5.0
461.0 273.0 7.0 -9.0
294.0 259.0 2.0 -4.0
489.0 212.0 -7.0 1.0
327.0 293.0 0.0 1.0
219.0 242.0 -7.0 -3.0
322.0 288.0 -2.0 1.0
490.0 296.0 0.0 0.0
417.0 250.0 5.0 -5.0
491.0 297.0 9.0 -7.0
268.0 466.0 -3.0 -1.0
277.0 491.0 -8.0 -9.0
384.0 496.0 9.0 -8.0
389.0 495.0 -9.0 -5.0
358.0 351.0 2.0 5.0
429.0 395.0 4.0 4.0
492.0 458.0 8.0 8.0
407.0 373.0 -9.0 3.0
449.0 254.0 6.0 9.0
457.0 455.0 8.0 -2.0
405.0 370.0 -9.0 -5.0
346.0 485.0 -7.0 4.0
393.0 206.0 9.0 -8.0
408.0 214.0 -9.0 -5.0
275.0 388.0 4.0 -1.0
307.0 413.0 -1.0 2.0
328.0 434.0 5.0 7.0
296.0 289.0 -2.0 6.0
264.0 376.0 3.0 -7.0
269.0 291.0 -7.0 -5.0
272.0 271.0 -3.0 5.0
304.0 269.0 3.0 -3.0
462.0 267.0 -5.0 -2.0
270.0 293.0 -3.0 -2.0
327.0 300.0 -1.0 7.0
248.0 214.0 1.0 3.0
323.0 295.0 -5.0 3.0
271.0 322.0 -1.0 0.0
324.0 430.0 5.0 8.0
405.0 315.0 6.0 8.0
317.0 347.0 8.0 1.0
322.0 295.0 5.0 -2.0
476.0 364.0 4.0 7.0
382.0 495.0 9.0 -8.0
469.0 435.0 9.0 -1.0
299.0 298.0 -1.0 7.0
367.0 473.0 9.0 -8.0
242.0 208.0 -5.0 5.0
366.0 331.0 0.0 9.0
340.0 306.0 3.0 0.0
433.0 398.0 6.0 -4.0
318.0 283.0 0.0 2.0
260.0 309.0 -2.0 -1.0
285.0 251.0 -2.0 0.0
283.0 388.0 -4.0 -1.0
264.0 256.0 -4.0 6.0
289.0 288.0 0.0 1.0
215.0 237.0 -7.0 -4.0
333.0 238.0 -5.0 4.0
207.0 236.0 -4.0 -4.0
212.0 346.0 -8.0 -4.0
238.0 203.0 -7.0 -4.0
364.0 329.0 2.0 5.0
221.0 355.0 4.0 3.0
253.0 387.0 -5.0 -1.0
279.0 272.0 -3.0 5.0
310.0 275.0 4.0 7.0
335.0 307.0 0.0 0.0
421.0 261.0 -4.0 -4.0
479.0 285.0 8.0 -8.0
454.0 260.0 -6.0 -4.0
235.0 207.0 -7.0 -4.0
240.0 205.0 0.0 -8.0
432.0 424.0 6.0 -4.0
245.0 238.0 -5.0 -2.0
431.0 236.0 -7.0 -6.0
439.0 404.0 5.0 3.0
221.0 245.0 2.0 -5.0
292.0 432.0 -2.0 6.0
324.0 346.0 0.0 3.0
243.0 349.0 -7.0 -4.0
252.0 224.0 -5.0 4.0
355.0 243.0 -5.0 -1.0
218.0 248.0 -7.0 -5.0
476.0 469.0 9.0 -1.0
443.0 256.0 -4.0 -5.0
277.0 242.0 -3.0 0.0
262.0 285.0 9.0 -1.0
204.0 479.0 -7.0 4.0
466.0 272.0 -5.0 -1.0
319.0 425.0 5.0 6.0
317.0 290.0 4.0 6.0
292.0 398.0 4.0 4.0
207.0 313.0 -2.0 0.0
298.0 348.0 1.0 -3.0
323.0 346.0 -5.0 -3.0
295.0 483.0 -1.0 1.0
496.0 302.0 0.0 -6.0
466.0 279.0 -3.0 0.0
468.0 498.0 -6.0 -6.0
324.0 430.0 -5.0 5.0
432.0 238.0 1.0 3.0
240.0 346.0 1.0 -2.0
241.0 264.0 -2.0 -2.0
483.0 213.0 -7.0 0.0
375.0 216.0 -5.0 7.0
214.0 479.0 -2.0 -9.0
221.0 244.0 -7.0 -5.0
246.0 212.0 -5.0 -2.0
462.0 461.0 -9.0 -9.0
216.0 482.0 -2.0 5.0
494.0 300.0 5.0 7.0
409.0 222.0 5.0 9.0
467.0 490.0 4.0 7.0
370.0 420.0 4.0 6.0
395.0 418.0 4.0 6.0
344.0 310.0 6.0 8.0
342.0 308.0 1.0 0.0
316.0 422.0 -2.0 2.0
237.0 343.0 0.0 4.0
457.0 290.0 -1.0 -8.0
483.0 316.0 -7.0 -5.0
240.0 353.0 -5.0 -3.0
